[Styling.Wheel]
UseGeometricPrimitiveForBackgroundTexture = false
BlurOnOpen = true
SlowTimeScale = 0.200000
WheelBackgroundTextureScale = 0.630000
CursorIndicatorInwardFacing = true
CursorIndicatorDist = 16.000000
CursorIndicatorArcAngle = 0.500000
CusorIndicatorArcWidth = 6.000000
CursorIndicatorTriangleSideLength = 0.000000
WheelIndicatorOffsetX = -115.000000
WheelIndicatorOffsetY = 372.000000
WheelIndicatorSize = 36.000000
WheelIndicatorSpacing = 38.000000
InnerCircleRadius = 200.000000
OuterCircleRadius = 330.000000
InnerSpacing = 10.000000
ActiveArcWidth = 6.000000
CenterOffsetX = 420.000000
CenterOffsetY = -55.000000
WheelIndicatorActiveColor = 4294967295
WheelIndicatorInactiveColor = 1694498815
HoveredColorBegin = 1073741823
HoveredColorEnd = 2113929215
UnhoveredColorBegin = 2147483648
UnhoveredColorEnd = 2147483648
ActiveArcColorBegin = 4294967295
ActiveArcColorEnd = 4294967295
InActiveArcColorBegin = 1694498815
InActiveArcColorEnd = 1694498815
CursorIndicatorColor = 0
TextColor = 4294967295
TextShadowColor = 4278190080


[Animation]
EntryHighlightExpandTime = 0.140000
EntryHighlightRetractTime = 0.140000
EntryHighlightExpandScale = 0.100000
EntryInputBumpTime = 0.100000
EntryInputBumpScale = -0.050000
FadeTime = 0.100000
ToggleVerticalFadeDistance = 0.000000
ToggleHorizontalFadeDistance = 20.000000


[Styling.Entry.Highlight.Text]
OffsetX = 0.000000
OffsetY = -155.000000
Size = 35.000000


[Styling.Item.Slot.BackgroundTexture]
Scale = 0.180000


[Styling.Item.Slot.Texture]
OffsetX = 0.000000
OffsetY = -15.000000
Scale = 0.140000


[Styling.Item.Slot.Text]
OffsetX = 0.000000
OffsetY = 30.000000
Size = 25.000000


[Styling.Item.Highlight.Texture]
OffsetX = 0.000000
OffsetY = -80.000000
Scale = 0.250000


[Styling.Item.Highlight.Text]
OffsetX = 0.000000
OffsetY = 10.000000
Size = 40.000000


[Styling.Item.Highlight.Desc]
OffsetX = 0.000000
OffsetY = 37.000000
Size = 25.000000
LineLength = 281.000000
LineSpacing = 0.000000


[Styling.Item.Highlight.StatText]
OffsetX = 100.000000
OffsetY = -45.000000
Size = 35.000000


[Styling.Item.Highlight.StatIcon]
OffsetX = -20.000000
OffsetY = 161.000000
Scale = 0.000000
